f_total_x1 = 50862259.396751
f_total_y1 = 71852359.555991
f_total_z1 = -7484425357.095884
f_total1 = 7484943063.039596
